if Key == "Admin" then

if not game:IsLoaded() then game.Loaded:Wait() end
if game.PlaceId ~= 3101667897 then return 
    else
        print("ผิดแมพแล้วไอชาย")

local library = loadstring(game:HttpGet("https://raw.githubusercontent.com/garnoog/Guia/main/README.md" , true))()
local win = library:CreateWindow({Name = "Dummy Hub [ Legend of Speed ]",Themeable = {info = "Doing by Dummy"}})

local General_Tab = win:Tab("General"),Enum.KeyCode.RightControl
local M = General_Tab:CreateSection("Main")

M:AddLabel("Reset Body To Close Auto Farm")
M:AddButton({
    Name = "Auto Farm",
    Callback = function(AutoFarm)
        while wait() do
        game.Players.LocalPlayer.Character.HumanoidRootPart.CFrame = CFrame.new(230.73373413085938, 100.361879348754883, 80.24564361572266)
        wait()
        game.Players.LocalPlayer.Character.HumanoidRootPart.CFrame = CFrame.new(-86.7563705444336, 110.4056396484375, -107.46456909179688)
        wait()
        game.Players.LocalPlayer.Character.HumanoidRootPart.CFrame = CFrame.new(-536.4417114257812, 50.4556989669799805, -133.1014862060547)
        wait()
        game.Players.LocalPlayer.Character.HumanoidRootPart.CFrame = CFrame.new(-532.337890625, 50.4556989669799805, 210.10655212402344)
        wait()
        game.Players.LocalPlayer.Character.HumanoidRootPart.CFrame = CFrame.new(-489.2696838378906, 80.50010108947754, 2503.08203125)
        wait()
        game.Players.LocalPlayer.Character.HumanoidRootPart.CFrame = CFrame.new(-11096.9756, 200.85762, 4465.38623, 8.70227814e-06, 0.0200170279, 0.999799609, -1, 8.70227814e-06, 8.55326653e-06, -8.55326653e-06, -0.999799609, 0.0200170279)
        wait()
        game.Players.LocalPlayer.Character.HumanoidRootPart.CFrame = CFrame.new(1805.65564, 90.9715958, 4617.18018, 2.07424164e-05, 0.57355696, -0.819165647, -0.99999994, 2.07424164e-05, -1.07884407e-05, 1.07884407e-05, 0.819165647, 0.573557019)
        wait()
        game.Players.LocalPlayer.Character.HumanoidRootPart.CFrame = CFrame.new(2061.9834, 159.914078, 4374.27637, -2.07424164e-05, -0.57355696, 0.819165647, -0.99999994, 2.07424164e-05, -1.07884407e-05, -1.07884407e-05, -0.819165647, -0.5735569)
        wait()
        game.Players.LocalPlayer.Character.HumanoidRootPart.CFrame = CFrame.new(-1645.2699, 69.0413895, 5337.91748, -1.00135803e-05, 0.342006564, 0.939697623, -1, -1.00135803e-05, -7.00354576e-06, 7.00354576e-06, -0.939697623, 0.342006564)
        wait()
        game.Players.LocalPlayer.Character.HumanoidRootPart.CFrame = CFrame.new(-1746.42273, 150.61377, 5372.56934, 5.68628311e-05, -0.481334239, 0.876537085, -1, -5.68628311e-05, 3.3646822e-05, 3.3646822e-05, -0.876537085, -0.481334209)
        wait()
        game.Players.LocalPlayer.Character.HumanoidRootPart.CFrame = CFrame.new(1941.97888, 93.2132187, -2047.35083, 1.2755394e-05, 0.965938866, -0.258770198, -0.99999994, 1.2755394e-05, -1.66893005e-06, 1.66893005e-06, 0.258770198, 0.965938926)
        wait()
        game.Players.LocalPlayer.Character.HumanoidRootPart.CFrame = CFrame.new(137.719437, 75.417099, -5972.40283, 0, 1, -0, -1, 0, 0, 0, 0, 1)
        wait()
        game.Players.LocalPlayer.Character.HumanoidRootPart.CFrame = CFrame.new(1173.29761, 92.0464401, -6024.1543, -0.0154292583, 0.998328567, -0.0556953251, -0.999880552, -0.015357852, 0.00171039067, 0.000852169469, 0.0557150617, 0.998446345)
        wait()
        game.Players.LocalPlayer.Character.HumanoidRootPart.CFrame = CFrame.new(-350.591919, 66.0969849, -8732.12598, -0.0153386593, 0.989664674, -0.142578512, -0.999882221, -0.0152513981, 0.00170488656, -0.00048726052, 0.142587885, 0.989782035)
        wait()
        game.Players.LocalPlayer.Character.HumanoidRootPart.CFrame = CFrame.new(-278.891968, 66.0969849, -10946.5225, -0.0153386593, 0.989664674, -0.142578512, -0.999882221, -0.0152513981, 0.00170488656, -0.00048726052, 0.142587885, 0.989782035)
        wait()
        game.Players.LocalPlayer.Character.HumanoidRootPart.CFrame = CFrame.new(355.429199, 111.786301, -10924.5957, -4.66108322e-05, 0.998628676, 0.0523534007, -1, -4.66108322e-05, -1.22189522e-06, 1.22189522e-06, -0.0523534007, 0.998628616)
        wait()
        game.Players.LocalPlayer.Character.HumanoidRootPart.CFrame = CFrame.new(473.226654, 66.0969849, -10867.7471, -0.0150305033, 0.992836952, 0.118527696, -0.999880791, -0.0153421164, 0.00171688572, 0.00352305174, -0.11848776, 0.992949247)
        wait()
        game.Players.LocalPlayer.Character.HumanoidRootPart.CFrame = CFrame.new()
        wait()
        game.Players.LocalPlayer.Character.HumanoidRootPart.CFrame = CFrame.new()
        wait()
        game.Players.LocalPlayer.Character.HumanoidRootPart.CFrame = CFrame.new()
        wait()
        game.Players.LocalPlayer.Character.HumanoidRootPart.CFrame = CFrame.new()
        wait()
        game.Players.LocalPlayer.Character.HumanoidRootPart.CFrame = CFrame.new()
        wait()
        game.Players.LocalPlayer.Character.HumanoidRootPart.CFrame = CFrame.new()
        end
    end
})


M:AddLabel("Fast Farm")
M:AddButton({
    Name = "Auto Farm and Auto Win ",
    Callback = function()
        while wait() do
        game.Players.LocalPlayer.Character.HumanoidRootPart.CFrame = CFrame.new(230.73373413085938, 100.361879348754883, 80.24564361572266)
        task.wait()
        game.Players.LocalPlayer.Character.HumanoidRootPart.CFrame = CFrame.new(-86.7563705444336, 110.4056396484375, -107.46456909179688)
        task.wait()
        game.Players.LocalPlayer.Character.HumanoidRootPart.CFrame = CFrame.new(-536.4417114257812, 50.4556989669799805, -133.1014862060547)
        task.wait()
        game.Players.LocalPlayer.Character.HumanoidRootPart.CFrame = CFrame.new(-532.337890625, 50.4556989669799805, 210.10655212402344)
        task.wait()
        game.Players.LocalPlayer.Character.HumanoidRootPart.CFrame = CFrame.new(-489.2696838378906, 80.50010108947754, 2503.08203125)
        task.wait()
        game.Players.LocalPlayer.Character.HumanoidRootPart.CFrame = CFrame.new(-11096.9756, 200.85762, 4465.38623, 8.70227814e-06, 0.0200170279, 0.999799609, -1, 8.70227814e-06, 8.55326653e-06, -8.55326653e-06, -0.999799609, 0.0200170279)
        task.wait()
        game.Players.LocalPlayer.Character.HumanoidRootPart.CFrame = CFrame.new(1805.65564, 90.9715958, 4617.18018, 2.07424164e-05, 0.57355696, -0.819165647, -0.99999994, 2.07424164e-05, -1.07884407e-05, 1.07884407e-05, 0.819165647, 0.573557019)
        task.wait()
        game.Players.LocalPlayer.Character.HumanoidRootPart.CFrame = CFrame.new(2061.9834, 159.914078, 4374.27637, -2.07424164e-05, -0.57355696, 0.819165647, -0.99999994, 2.07424164e-05, -1.07884407e-05, -1.07884407e-05, -0.819165647, -0.5735569)
        task.wait()
        game.Players.LocalPlayer.Character.HumanoidRootPart.CFrame = CFrame.new(-1645.2699, 69.0413895, 5337.91748, -1.00135803e-05, 0.342006564, 0.939697623, -1, -1.00135803e-05, -7.00354576e-06, 7.00354576e-06, -0.939697623, 0.342006564)
        task.wait()
        game.Players.LocalPlayer.Character.HumanoidRootPart.CFrame = CFrame.new(-1746.42273, 150.61377, 5372.56934, 5.68628311e-05, -0.481334239, 0.876537085, -1, -5.68628311e-05, 3.3646822e-05, 3.3646822e-05, -0.876537085, -0.481334209)
        task.wait()
        game.Players.LocalPlayer.Character.HumanoidRootPart.CFrame = CFrame.new(1941.97888, 93.2132187, -2047.35083, 1.2755394e-05, 0.965938866, -0.258770198, -0.99999994, 1.2755394e-05, -1.66893005e-06, 1.66893005e-06, 0.258770198, 0.965938926)
        task.wait()
        game.Players.LocalPlayer.Character.HumanoidRootPart.CFrame = CFrame.new(137.719437, 75.417099, -5972.40283, 0, 1, -0, -1, 0, 0, 0, 0, 1)
        task.wait()
        game.Players.LocalPlayer.Character.HumanoidRootPart.CFrame = CFrame.new(1173.29761, 92.0464401, -6024.1543, -0.0154292583, 0.998328567, -0.0556953251, -0.999880552, -0.015357852, 0.00171039067, 0.000852169469, 0.0557150617, 0.998446345)
        task.wait()
        game.Players.LocalPlayer.Character.HumanoidRootPart.CFrame = CFrame.new(-350.591919, 66.0969849, -8732.12598, -0.0153386593, 0.989664674, -0.142578512, -0.999882221, -0.0152513981, 0.00170488656, -0.00048726052, 0.142587885, 0.989782035)
        task.wait()
        game.Players.LocalPlayer.Character.HumanoidRootPart.CFrame = CFrame.new(-278.891968, 66.0969849, -10946.5225, -0.0153386593, 0.989664674, -0.142578512, -0.999882221, -0.0152513981, 0.00170488656, -0.00048726052, 0.142587885, 0.989782035)
        task.wait()
        game.Players.LocalPlayer.Character.HumanoidRootPart.CFrame = CFrame.new(355.429199, 111.786301, -10924.5957, -4.66108322e-05, 0.998628676, 0.0523534007, -1, -4.66108322e-05, -1.22189522e-06, 1.22189522e-06, -0.0523534007, 0.998628616)
        task.wait()
        game.Players.LocalPlayer.Character.HumanoidRootPart.CFrame = CFrame.new(473.226654, 66.0969849, -10867.7471, -0.0150305033, 0.992836952, 0.118527696, -0.999880791, -0.0153421164, 0.00171688572, 0.00352305174, -0.11848776, 0.992949247)
        task.wait()
        game.Players.LocalPlayer.Character.HumanoidRootPart.CFrame = CFrame.new(1686.07495, 36.3147125, -5946.63428, -0.984812617, 0, 0.173621148, 0, 1, 0, -0.173621148, 0, -0.984812617)
        task.wait()
        game.Players.LocalPlayer.Character.HumanoidRootPart.CFrame = CFrame.new(48.3109131, 36.3147125, -8680.45312, -1, 0, 0, 0, 1, 0, 0, 0, -1)
        task.wait()
        game.Players.LocalPlayer.Character.HumanoidRootPart.CFrame = CFrame.new(1001.33118, 36.3147125, -10986.2178, -0.996191859, 0, -0.0871884301, 0, 1, 0, 0.0871884301, 0, -0.996191859)
        task.wait()
        game.Players.LocalPlayer.Character.HumanoidRootPart.CFrame = CFrame.new(-589.398681640625, 4.4556989669799805, 406.2983093261719)
        end
        end
})
M:AddLabel("Fast Farm")
M:AddButton({
    Name = "Auto Farm World Rebirth5",
    Callback = function()
        while wait() do
        game.Players.LocalPlayer.Character.HumanoidRootPart.CFrame = CFrame.new(-301.92276, 902.978821, 273.013977, -2.07424164e-05, -0.57355696, -0.819165647, -0.99999994, 2.07424164e-05, 1.07884407e-05, 1.07884407e-05, 0.819165647, -0.5735569)
        task.wait()
        game.Players.LocalPlayer.Character.HumanoidRootPart.CFrame = CFrame.new(-3897.3811, 770.971375, 2.97132421, 0, -1, -0, -1, 0, -0, 0, 0, -1)
        task.wait()
        game.Players.LocalPlayer.Character.HumanoidRootPart.CFrame = CFrame.new(-3897.37988, 1396.37146, 2.97235107, 0, -1, -0, -1, 0, -0, 0, 0, -1)
        task.wait()
        game.Players.LocalPlayer.Character.HumanoidRootPart.CFrame = CFrame.new(-4673.48145, 1592.57166, 2.97266412, 0, -1, -0, -1, 0, -0, 0, 0, -1)
        task.wait()
        game.Players.LocalPlayer.Character.HumanoidRootPart.CFrame = CFrame.new(-4673.4834, 967.171631, 2.97125506, 0, -1, -0, -1, 0, -0, 0, 0, -1)
        task.wait()
        game.Players.LocalPlayer.Character.HumanoidRootPart.CFrame = CFrame.new(-5619.58105, 1728.17188, 2.97209001, 0, 1, -0, -1, 0, 0, 0, 0, 1)
        task.wait()
        game.Players.LocalPlayer.Character.HumanoidRootPart.CFrame = CFrame.new(-5613.28467, 1102.77185, 2.97117233, 0, -1, -0, -1, 0, -0, 0, 0, -1)
        task.wait()
        game.Players.LocalPlayer.Character.HumanoidRootPart.CFrame = CFrame.new(-6559.38184, 1592.57166, 2.97000909, 0, 1, -0, -1, 0, 0, 0, 0, 1)
        task.wait()
        game.Players.LocalPlayer.Character.HumanoidRootPart.CFrame = CFrame.new(-6559.38281, 967.171631, 2.97106194, 0, 1, -0, -1, 0, 0, 0, 0, 1)
        task.wait()
        game.Players.LocalPlayer.Character.HumanoidRootPart.CFrame = CFrame.new(-7335.4834, 1396.37146, 2.97055006, 0, 1, -0, -1, 0, 0, 0, 0, 1)
        task.wait()
        game.Players.LocalPlayer.Character.HumanoidRootPart.CFrame = CFrame.new(-7335.48242, 770.971375, 2.97147012, 0, 1, -0, -1, 0, 0, 0, 0, 1)
        task.wait()
        game.Players.LocalPlayer.Character.HumanoidRootPart.CFrame = CFrame.new(-280.156403, 759.171387, -326.735657, 5.04255295e-05, 0.748553276, -0.663074613, -1, 5.04255295e-05, -1.91032887e-05, 1.91032887e-05, 0.663074613, 0.748553336)
        task.wait()
        game.Players.LocalPlayer.Character.HumanoidRootPart.CFrame = CFrame.new(635.028198, 762.173828, 627.053101, 1.4424324e-05, -0.707153797, 0.70705986, -1, -1.4424324e-05, 5.9902668e-06, 5.9902668e-06, -0.70705986, -0.707153797)
        task.wait()
        game.Players.LocalPlayer.Character.HumanoidRootPart.CFrame = CFrame.new(-170.537933, 160.371796, 9735.55664, -4.76837158e-05, -0.996190667, -0.0872024298, -1, 4.76837158e-05, 2.08243728e-06, 2.08243728e-06, 0.0872024298, -0.996190667)
        task.wait()
        game.Players.LocalPlayer.Character.HumanoidRootPart.CFrame = CFrame.new(-833.904175, 232.925491, 9859.75977, 1.2755394e-05, 0.965938866, 0.258770198, -0.99999994, 1.2755394e-05, 1.66893005e-06, -1.66893005e-06, -0.258770198, 0.965938926)
        task.wait()
        game.Players.LocalPlayer.Character.HumanoidRootPart.CFrame = CFrame.new(-2385.58813, 175.371704, 10393.2295, 3.23057175e-05, 0.707060337, 0.707153201, -1, 3.23057175e-05, 1.33812428e-05, -1.33812428e-05, -0.707153201, 0.707060337)
        task.wait()
        game.Players.LocalPlayer.Character.HumanoidRootPart.CFrame = CFrame.new(-3026.31348, 266.97168, 10975.167, 1.13844872e-05, 0.766070843, 0.642756104, -1, 1.13844872e-05, 4.14252281e-06, -4.14252281e-06, -0.642756104, 0.766070843)
        task.wait()
        game.Players.LocalPlayer.Character.HumanoidRootPart.CFrame = CFrame.new(-4256.20801, 211.971573, 13202.6426, 6.55651093e-06, 0.173615217, 0.984813571, -1, 6.55651093e-06, 5.48362732e-06, -5.48362732e-06, -0.984813571, 0.173615217)
        task.wait()
        game.Players.LocalPlayer.Character.HumanoidRootPart.CFrame = CFrame.new(-3865.88452, 225.771576, 16098.0029, 2.05039978e-05, -0.499938965, 0.866060615, -1, -2.05039978e-05, 1.18613243e-05, 1.18613243e-05, -0.866060615, -0.499938965)
        task.wait()
        game.Players.LocalPlayer.Character.HumanoidRootPart.CFrame = CFrame.new(-3361.88257, 388.071625, 16921.4141, -3.23057175e-05, -0.707060337, 0.707153201, -1, 3.23057175e-05, -1.33812428e-05, -1.33812428e-05, -0.707153201, -0.707060337)
        task.wait()
        game.Players.LocalPlayer.Character.HumanoidRootPart.CFrame = CFrame.new(-2252.81958, 318.471558, 17805.4824, -1.13248825e-05, -0.766070843, 0.642756104, -1, 1.13844872e-05, -4.14252281e-06, -4.14252281e-06, -0.642756104, -0.766070843)
        task.wait()
        game.Players.LocalPlayer.Character.HumanoidRootPart.CFrame = CFrame.new(-151.775421, 318.471558, 18402.8398, 0, -1, -0, -1, 0, -0, 0, 0, -1)
        task.wait()
        game.Players.LocalPlayer.Character.HumanoidRootPart.CFrame = CFrame.new(2066.23486, 81.8000565, 17932.3984, -0.939700961, 0, -0.341998369, 0, 1, 0, 0.341998369, 0, -0.939700961)
        end
        end
})

local I = General_Tab:CreateSection({
    Name = 'Island',
    Side = 'Right'
})

I:AddButton({
    Name = 'Spawn',
    Callback = function()
        game.Players.LocalPlayer.Character.HumanoidRootPart.CFrame = CFrame.new(-589.398681640625, 4.4556989669799805, 406.2983093261719)
        end
})

I:AddButton({
    Name = 'Snow',
    Callback = function()
        game.Players.LocalPlayer.Character.HumanoidRootPart.CFrame = CFrame.new(-866.3868408203125, 4.505699157714844, 2165.70654296875)
        end
})

I:AddButton({
    Name = 'Magma',
    Callback = function()
        game.Players.LocalPlayer.Character.HumanoidRootPart.CFrame = CFrame.new(1616.8270263671875, 4.555706977844238, 4330.65234375)
        end
})
I:AddButton({
    Name = 'World Rebirth 5',
    Callback = function()
        game.Players.LocalPlayer.Character.HumanoidRootPart.CFrame = CFrame.new(2512.5712890625, 15.396912574768066, 4355.2763671875)
        end
})

local W = General_Tab:CreateSection({
    Name = 'Auto Winner'
})

W:AddButton({
    Name = "auto win",
    Callback = function()
        game.Players.LocalPlayer.Character.HumanoidRootPart.CFrame = CFrame.new(1686.07495, 36.3147125, -5946.63428, -0.984812617, 0, 0.173621148, 0, 1, 0, -0.173621148, 0, -0.984812617)
        task.wait()
        game.Players.LocalPlayer.Character.HumanoidRootPart.CFrame = CFrame.new(48.3109131, 36.3147125, -8680.45312, -1, 0, 0, 0, 1, 0, 0, 0, -1)
        task.wait()
        game.Players.LocalPlayer.Character.HumanoidRootPart.CFrame = CFrame.new(1001.33118, 36.3147125, -10986.2178, -0.996191859, 0, -0.0871884301, 0, 1, 0, 0.0871884301, 0, -0.996191859)
        task.wait()
        game.Players.LocalPlayer.Character.HumanoidRootPart.CFrame = CFrame.new(-589.398681640625, 4.4556989669799805, 406.2983093261719)
        end
})



local F = General_Tab:CreateSection({
    Name = "Fly"
})

F:AddButton({
    Name = "Fly",
    Callback = function()
        loadstring("\108\111\97\100\115\116\114\105\110\103\40\103\97\109\101\58\72\116\116\112\71\101\116\40\40\39\104\116\116\112\115\58\47\47\103\105\115\116\46\103\105\116\104\117\98\117\115\101\114\99\111\110\116\101\110\116\46\99\111\109\47\109\101\111\122\111\110\101\89\84\47\98\102\48\51\55\100\102\102\57\102\48\97\55\48\48\49\55\51\48\52\100\100\100\54\55\102\100\99\100\51\55\48\47\114\97\119\47\101\49\52\101\55\52\102\52\50\53\98\48\54\48\100\102\53\50\51\51\52\51\99\102\51\48\98\55\56\55\48\55\52\101\98\51\99\53\100\50\47\97\114\99\101\117\115\37\50\53\50\48\120\37\50\53\50\48\102\108\121\37\50\53\50\48\50\37\50\53\50\48\111\98\102\108\117\99\97\116\111\114\39\41\44\116\114\117\101\41\41\40\41\10\10")()
        end
})




local c = General_Tab:CreateSection({
    Name = "Level"
})


local lv = game:GetService("Players").LocalPlayer.level.Value

c:AddLabel({
    Name = "Your Lv : "..tostring(lv)..""
})

end
end
